train/val
avg_nrmse:(0.017467227596517722, 0.025877713156078078)
avg_psnr:(35.27147577606245, 31.93035341759247)
avg_ssim:(0.9424531126531709, 0.9000142648050566)
