train/val
avg_nrmse:(0.059975165157382854, 0.086730574021438)
avg_psnr:(24.786919862227354, 21.398876654058355)
avg_ssim:(0.6827387344126493, 0.4693352935507449)
