train/val
avg_nrmse:(0.013494677175191963, 0.016089108296891447)
avg_psnr:(37.52161925062519, 36.05507325761418)
avg_ssim:(0.9589757206020595, 0.949634721752606)
