train/val
avg_rmse:(0.5838465068921583, 0.8470904971614028)
avg_psnr:(32.78319098339904, 29.99518664181362)
avg_ssim:(0.951576929514262, 0.9073665910092875)
