train/val
avg_nrmse:(0.04535006887863824, 0.06212540340211859)
avg_psnr:(27.15096726714502, 24.301319791137495)
avg_ssim:(0.7604057228148792, 0.6323351148070554)
