train/val
avg_nrmse:(0.017686326614770896, 0.030336450110934974)
avg_psnr:(35.17421196670572, 30.59152498132409)
avg_ssim:(0.9270416864177193, 0.8533876787943326)
