train/val
avg_rmse:(0.5600453262767394, 0.7501628173120094)
avg_psnr:(33.52260595439046, 31.361016396827324)
avg_ssim:(0.946619733512817, 0.9121812798810276)
