train/val
avg_nrmse:(0.02154194401769773, 0.03770536866355868)
avg_psnr:(33.43324002654556, 28.68996443719833)
avg_ssim:(0.9023707114342346, 0.8042111186036568)
