train/val
avg_rmse:(0.7093608917515467, 0.7879008786244825)
avg_psnr:(31.488532583862508, 30.9179708827751)
avg_ssim:(0.9130392237977701, 0.8995442808016638)
