train/val
avg_nrmse:(0.03759922853134408, 0.035233837291074946)
avg_psnr:(28.85281850911073, 29.43043661200674)
avg_ssim:(0.9141586916201768, 0.921517172540413)
