train/val
avg_nrmse:(0.0245230463429888, 0.023652199176003596)
avg_psnr:(32.47900581090616, 32.823304438900315)
avg_ssim:(0.9527586790313425, 0.9562588316907727)
