train/val
avg_nrmse:(0.07172940397445399, 0.06757967767666566)
avg_psnr:(23.203468712763847, 23.71878565441091)
avg_ssim:(0.8215332327165576, 0.8335839204035879)
